4729.75
4774.50
4958.80
5157.25
5178.65
5206.55
5281.45
5627.50
5636.75
5730.50
5745.60
5775.85
5807.00
5838.60
5849.55
5854.95
5921.25
5944.90
5991.65
6000.45
6027.45
6031.85
6107.05
6123.05
6974.50
6989.60
7148.25
7158.80
7162.65
7217.35
7369.35
17011.70
17022.60
17138.05
17269.05
38445.70
38538.65
38619.95
38651.25
44749.50
44831.95
44849.55
44872.55
44876.25
54562.05
54570.70
65018.15
65064.35
65068.15
65117.00
65124.50
65136.40
65146.75
65168.20
65182.55
65212.45
65215.55
65220.80
65227.05
65233.10
65244.35
65253.00
65316.05
65328.75
65339.75
65346.85
65362.10
65421.30
65430.10
65530.10
65628.35
65634.50
65755.70
65759.00
65847.20
79751.90
81186.60
82742.80
82754.20
86081.85
92844.25
97955.30
98197.95
98302.60
100116.80
100210.55
100213.70
100224.80
100322.00
100329.10
100439.40
100542.20
100564.70
101315.75
108303.25
108546.65
109700.15
109757.90
109835.50
110441.00
110766.65
110810.05
111007.90
111022.70
111026.95
111070.00
111137.25
111140.90
116160.05
116396.95
150499.20
150582.85
150586.55
150592.95
150676.35
150857.30
150952.10
151108.40
151118.35
157960.45
158201.15
160288.65
161723.00
165425.15
165470.95
165480.95
165491.10
165562.90
166381.05
166850.85
166956.75
166991.95
166995.45
167199.45
167509.35
167882.45
168100.00
168135.95
168240.40
214328.30
219882.95
219892.35
221443.85
229917.50
229928.25
232019.70
232364.45
258069.15
258377.60
258422.85
258600.00
258645.25
258671.55
258674.45
258686.85
258708.20
258755.75
258876.75
259098.55
259189.05
259503.90
264835.50
265462.15
267345.10
267974.80
267978.20
268010.55
268031.10
268158.55
268170.40
268187.60
268359.35
268375.30
268415.40
268434.55
268439.70
268447.90
268519.70
268522.50
268536.00
268547.40
268614.45
268625.45
268663.70
268702.70
268722.60
268750.60
268767.75
268783.15
268815.20
268834.95
268841.35
268865.85
268874.25
268918.20
268922.20
268931.80
269021.25
269026.55
269037.60
269116.35
269125.55
269134.20
269138.25
269154.00
269163.15
269171.55
269239.20
269249.25
269266.80
269292.25
269355.05
269360.40
269364.75
269396.05
269442.00
269450.70
269503.35
269700.90
269709.20
269753.65
269769.80
269793.75
269879.10
270124.70
270146.45
270255.60
270331.25
270353.90
270379.70
270434.30
270444.80
270507.15
272478.75
273099.40
273105.55
273144.95
273657.45
273667.55
273693.05
273777.25
274786.85
274892.00
274913.55
274977.20
274990.60
275075.90
277802.50
277810.10
278237.10
278383.50
278486.75
278566.35
278651.70
278688.60
278708.10
278766.65
278780.05
278783.35
279035.35
279045.25
279048.50
279082.70
289284.15
290062.85
293939.65
297940.45
311918.60
330521.00
340575.55
367558.00
367565.85
367568.90
367641.75
367661.35
367720.80
367751.60
367816.95
367824.45
367873.55
367885.75
367910.40
367922.55
367939.30
367974.45
367998.75
368003.75
368016.10
368024.15
368039.75
368071.70
368099.45
368116.30
368135.95
368169.20
368193.75
368204.40
368269.75
368312.75
372191.10
372341.00
372345.80
372349.90
372435.95
372716.75
372763.95
374384.75
377069.00
377080.15
378523.60
378829.20
379968.65
380407.20
380911.65
384080.00
384122.15
393882.45
394155.85
394388.05
394686.70
394705.40
395383.80
395979.40
396093.00
396135.90
396454.15
396663.50
396754.75
396767.05
396942.45
396958.70
396972.25
397080.05
397093.95
427822.65
428544.55
429813.80
431364.50
470551.20
470753.45
471181.10
471187.10
471191.45
471200.20
471218.50
471231.45
471292.30
471315.40
471341.95
471366.70
471381.90
471421.35
471440.75
471462.80
471874.10
471883.95
472015.50
473936.00
473942.10
474082.30
474334.35
474349.75
474354.80
474364.90
474452.15
474478.50
474489.20
474510.25
474518.95
482924.50
502656.75
502935.85
503210.80
505224.40
505473.10
505476.90
505554.50
508901.50
508992.35
509071.05
509100.75
509116.65
509535.65
509548.10
511016.90
511020.45
511024.65
511047.45
511052.80
511170.40
511202.50
511234.50
511240.95
511256.05
511351.25
511353.80
511358.90
511371.50
511706.40
511722.20
511835.75
511838.40
511946.45
511960.20
513137.95
513561.45
513659.40
513665.15
513813.75
514188.05
514221.75
514256.15
514264.90
514305.35
514307.55
514310.75
514333.55
514431.30
514438.70
514764.65
514777.10
515011.45
515027.85
515607.70
526156.15
531076.20
531482.50
532648.35
532682.60
532805.95
532921.95
533045.40
533058.30
533143.65
533149.35
533170.60
533180.85
533326.40
533439.70
533633.15
533762.75
533819.25
539561.65
539584.85
539600.80
539724.70
540490.95
540577.10
540956.15
541881.15
541888.75
542834.25
542839.55
542844.10
543134.45
543352.30
547618.20
554714.85
568983.80
569787.00
570277.00
570328.95
570482.95
571390.65
571410.50
571441.55
571445.10
571449.00
571624.40
571675.60
571679.40
571684.05
571765.65
571884.30
571958.50
575815.60
578124.15
578204.30
578209.90
578247.90
578267.15
578310.35
578312.85
578329.55
578489.50
578539.55
578555.65
578569.95
578574.15
578606.85
578613.25
578628.80
578637.25
578649.80
578668.85
578677.20
578712.35
578728.85
578741.75
578745.15
578756.30
578760.95
578769.60
578785.85
578795.95
578823.40
578833.70
578848.80
578925.10
578940.85
578953.85
578966.00
578980.80
579038.75
579063.30
579074.05
579086.50
579123.80
579152.75
579166.40
579180.25
579201.50
579312.55
579317.30
579446.05
579590.85
579699.25
579708.65
582009.70
586164.45
611069.95
611124.75
