449.45
453.80
565.35
639.85
771.30
1375.65
2555.90
2898.75
4634.65
5098.75
5273.25
5278.70
5290.05
5364.85
5419.10
5543.55
5560.95
5704.40
14031.60
14275.25
14478.45
15068.30
15281.00
15317.10
15554.90
15646.95
15721.50
15793.70
15925.70
16044.80
16087.00
16156.25
16274.70
17034.95
24127.00
24394.55
24435.20
25032.35
32354.15
32380.05
32948.90
33320.60
34728.15
35344.25
35508.65
36582.80
36918.95
37415.85
37501.05
37541.55
37618.20
37701.50
37757.45
38033.40
38044.65
39490.40
39975.70
40047.25
40418.75
40630.55
41868.85
46295.90
50557.40
50814.70
54642.00
54655.45
54722.65
55093.95
55107.80
55293.30
56570.25
57102.85
57121.55
57234.85
57413.50
57504.25
57801.10
68988.50
69775.75
72121.35
73661.35
73955.00
75625.35
81918.00
82174.20
82344.30
82700.40
82915.70
83585.65
84404.10
84574.00
84612.05
85018.80
86443.30
86843.30
87138.75
87491.95
90083.40
90094.05
90097.10
95189.55
95210.55
95400.25
95423.30
95619.80
96040.75
96397.20
96629.85
97437.40
97482.15
97502.75
97834.65
97930.90
98086.40
98121.45
98186.95
104781.35
105731.95
107537.85
108954.15
109063.85
109424.00
109675.35
110051.35
110067.55
110151.05
110173.30
110247.90
110274.60
110412.45
110559.10
110924.60
110999.90
111271.70
111361.75
111468.70
112880.80
113169.70
113623.05
114429.90
114627.00
127833.10
128863.95
128968.20
131756.40
132070.55
136030.60
137163.00
137181.70
138677.05
140755.65
150487.90
150588.10
150763.75
151053.65
151100.00
151163.00
151173.85
151632.75
151695.25
151718.45
151773.40
151846.35
152462.75
152556.20
152641.65
152683.40
153119.90
153398.70
153829.00
153910.00
154199.10
154369.00
157065.15
159370.80
160306.45
160348.50
160381.50
160414.80
160503.40
160533.50
160548.80
160555.20
160616.40
160740.85
160936.20
162834.40
163203.35
163669.30
164752.65
165495.95
166373.05
166377.40
171506.75
172050.20
177827.75
187439.35
190939.35
190961.30
192788.25
201276.70
203597.10
207202.35
207208.50
207216.30
207419.30
207429.55
207435.85
207442.85
207467.95
207482.40
207508.10
207570.75
208150.95
208155.95
208219.15
217560.70
219615.15
230203.55
231354.35
231379.80
231463.25
231491.25
231555.35
231591.80
232223.00
232245.50
232709.25
232757.20
232799.80
232868.65
233016.10
233178.75
233197.40
234269.85
239604.50
239666.50
239864.20
240007.60
240061.45
240283.80
240461.10
240814.60
251051.45
253159.80
259010.30
259152.35
259235.10
260040.20
262246.75
262250.75
264365.00
265836.30
267311.35
272025.20
275698.70
276935.45
278155.40
280819.35
281385.70
281670.15
282764.80
282860.75
288100.00
289562.90
290037.90
290583.35
291188.20
291684.45
292053.85
292309.15
292653.60
292823.95
293509.20
293518.25
293525.70
293533.10
293687.85
293701.15
293722.70
293757.50
293779.75
293792.90
293831.50
293857.85
293968.40
294126.10
294142.00
294178.10
294257.95
294298.90
294432.65
294600.90
294658.55
294728.85
294787.70
295129.70
295184.95
296170.50
296650.50
297108.60
298925.05
304616.80
304689.65
304693.65
305441.05
305789.80
313493.15
317541.10
317636.40
318086.25
319005.30
319405.25
319776.85
320690.00
321338.65
321380.70
321574.90
321595.40
321645.90
322180.10
322496.50
322549.40
330648.70
332464.45
332897.80
333185.25
333347.00
333499.85
333694.60
337372.85
338555.40
355060.40
367023.95
368059.45
371471.50
373263.50
373922.25
377101.15
378858.90
380734.35
394393.60
394926.20
395287.50
396200.60
396936.50
397171.65
397178.55
397275.05
398529.75
398545.20
399668.40
400505.35
400910.45
401151.95
401369.50
401932.50
406474.25
428237.10
430898.50
431369.95
432045.70
433366.90
443426.30
445298.55
445354.25
445769.45
449507.95
453928.65
456168.35
459254.75
459557.25
459680.05
459729.60
459793.95
459986.05
460016.85
460128.10
460139.80
460257.95
460308.70
460337.15
460662.20
460676.60
460818.80
460914.30
461165.80
461418.80
462757.35
463345.65
466364.50
468062.90
470525.90
470961.65
470968.60
470979.20
471072.90
471098.00
471425.90
471436.15
471583.15
471613.95
471666.85
471857.85
471939.40
471965.80
472111.70
472114.00
472302.40
472542.85
472654.65
472743.40
473695.60
473699.55
474949.45
474969.15
475024.55
475432.45
475584.80
476064.20
476352.80
476619.75
476709.00
476712.40
477082.95
478258.20
478878.30
479200.05
484141.70
498011.20
498310.45
504111.25
504167.30
504179.60
504188.10
504820.05
504850.20
505522.60
506008.95
506133.85
506451.40
506502.95
506928.95
506937.05
507317.15
507467.10
508462.40
508965.70
515765.25
516319.70
518148.55
525154.50
525429.45
525705.90
529500.30
530350.40
533834.55
533922.20
533934.20
534024.30
534035.20
534236.80
534323.10
534434.05
535608.85
535956.05
536902.35
537625.35
538663.25
538771.50
539002.00
539176.75
539491.25
540429.80
541727.75
542354.65
542566.00
542610.85
543426.90
549328.60
551557.05
555348.60
559209.40
565325.70
566375.60
569248.55
569492.95
569799.10
570290.60
570584.30
570748.60
570831.15
571079.60
571358.95
572631.00
572688.35
575631.40
578441.75
582953.55
582990.60
583453.40
583788.40
584056.05
584060.75
584064.75
584169.85
589558.35
589815.10
589960.85
590249.20
590263.00
590272.55
590352.95
590374.50
590455.20
590471.35
590497.45
591195.85
591316.20
591354.00
591492.45
591506.65
591906.80
594073.80
595990.60
598808.85
599451.60
599766.35
607006.65
