9746.50
25603.15
25837.45
28984.45
29189.35
29366.40
29396.05
29481.05
46872.25
47085.85
47202.25
47296.30
47314.30
53146.85
106401.75
106408.40
128530.55
128920.75
129499.20
129541.80
129885.55
130061.50
130065.55
130150.15
130233.25
179118.30
179128.85
179237.45
179337.25
179633.00
179644.60
211930.10
214581.30
214605.45
214619.20
215360.85
215381.60
215572.90
215601.30
215732.95
215830.05
216135.40
216143.25
216312.05
216663.00
216670.45
218509.80
218788.70
302637.20
302982.40
303110.75
303256.50
303265.55
339637.55
339647.75
340357.80
340370.90
342044.00
342789.80
343384.30
343802.25
344247.95
344285.55
344561.95
344565.90
344569.70
344696.55
344881.90
347524.50
347897.20
347905.85
390973.20
405881.70
405999.75
406240.45
406252.70
432402.00
432406.60
433172.80
433178.85
433456.50
433677.95
433820.25
434051.35
434944.50
434961.20
435150.90
435166.45
435259.20
435340.30
435509.70
435518.50
529534.15
539575.35
545431.05
545548.35
560945.65
561472.55
561621.10
562373.85
562540.15
562666.65
563048.30
563062.85
563152.20
580518.00
580573.30
603414.25
603435.20
603438.15
