39259.80
41913.05
42133.35
42142.25
42147.00
42223.00
42321.40
42371.35
42412.40
42849.90
42947.30
43164.75
43520.15
44063.05
44490.10
62745.40
62824.90
63697.55
64045.95
64386.65
64399.30
64406.95
64424.35
64617.20
64635.80
64656.65
64691.20
64742.20
64813.70
104115.75
114040.20
115216.20
115222.35
115225.55
115470.10
115484.00
115493.50
115498.30
115554.00
115708.55
115716.70
115942.00
116023.55
116903.35
116932.05
116949.25
117003.45
117396.45
117439.20
117494.55
117686.80
117778.10
117840.05
117951.45
118218.15
118323.05
118544.00
118757.25
118834.95
118909.40
119203.05
119434.10
119729.15
119987.10
120238.95
122224.80
154349.90
158567.85
158705.15
229269.95
229275.30
229310.20
229432.85
229437.85
229812.70
231025.25
231255.40
231300.50
246566.45
249858.80
249949.05
249956.80
250048.95
250112.35
250136.55
250147.45
250439.40
250459.35
251017.60
251049.35
251150.05
251203.15
251255.00
251590.10
251737.20
252055.70
252226.65
252271.70
253234.65
253614.15
253990.35
254603.30
258322.15
275248.85
288072.10
288307.50
288323.55
288443.70
288572.85
290599.40
309595.65
309699.00
309963.10
310705.60
310727.50
311666.60
312235.75
312270.10
318111.25
361924.40
361930.70
362067.55
362516.60
362547.25
362733.25
363047.35
363059.15
363176.40
363338.05
363353.65
363416.40
363528.65
363564.00
363593.60
387283.60
387300.90
387376.35
390397.70
456137.85
475902.30
476645.75
476934.90
477201.30
477438.35
477567.00
477574.80
477685.20
477740.55
477822.30
477875.05
478082.40
478568.60
478690.70
479996.60
480162.90
480205.80
480328.65
480365.40
481703.95
481733.40
481741.50
481827.70
484074.20
486658.40
507606.45
507613.20
507725.75
507739.30
507751.85
507836.15
507863.35
508057.25
508543.60
508637.00
508798.50
508833.15
539526.85
599370.15
