34372.55
35150.10
36233.20
36356.05
36370.95
36427.80
36529.90
36533.65
37034.45
37154.25
37157.40
37274.05
92559.95
92595.70
93552.05
136754.80
137596.00
137696.70
142203.85
143096.90
143110.00
143312.30
144195.00
144338.05
144356.30
144447.80
144494.10
144499.20
144569.85
144589.95
144596.60
144601.40
144683.65
144690.05
144752.65
144770.85
144855.70
144874.90
144896.25
144983.40
145103.00
145127.15
145131.55
149716.70
149889.95
150255.40
150328.65
150336.65
150352.35
150413.35
150434.50
153172.85
153189.85
185614.65
186620.20
186872.50
186877.30
186966.00
186970.00
186999.75
187003.55
187225.70
187296.25
187299.80
187331.80
187348.15
187351.00
187377.30
187384.35
187391.95
187458.10
187465.95
187573.05
187629.20
187676.25
187753.85
187760.55
187791.80
187802.40
187855.85
187869.20
187893.20
187900.15
187906.85
187924.35
187936.90
187950.80
188002.70
188016.25
188023.90
188029.05
188035.55
188143.95
188148.05
188168.00
188193.95
188269.80
188294.60
188329.10
188333.70
188399.20
188403.80
188421.70
188560.10
188618.40
188634.50
188741.85
188768.90
189057.85
189090.15
191070.85
191088.90
191114.10
191853.10
191878.30
191903.20
191946.10
192241.75
192263.40
192545.10
194943.15
197847.95
197858.45
197987.55
198053.90
198071.90
198078.95
198091.20
198104.20
198149.55
198155.35
238847.05
239455.15
239471.15
241043.80
241048.65
241054.95
241138.45
241145.95
241152.90
241159.55
241178.60
241229.95
241233.00
241273.85
241279.20
321170.75
322905.40
323602.80
323614.95
323899.15
323906.45
324004.00
324014.95
324025.70
324028.70
324032.70
324092.95
324096.80
324140.05
324205.55
324230.80
324237.50
324242.80
324257.65
324292.80
324307.10
324310.15
324319.15
324328.15
324417.00
324424.25
324435.50
324449.65
324455.55
324476.15
324528.70
324691.50
324817.70
324913.70
324929.50
325496.05
325508.95
423637.80
426646.15
426650.90
446470.75
446606.10
446839.60
446861.15
446865.60
446874.80
446882.55
447190.60
447245.45
447363.55
447374.40
447381.15
447387.00
447392.60
447579.70
447588.75
447634.85
447654.55
447658.95
447682.20
447709.85
447820.05
449053.15
458502.60
458615.55
458760.15
458777.80
458880.90
459056.80
459084.75
459089.35
459092.40
459102.40
459440.55
461798.60
461837.40
461894.95
461901.70
461913.60
461929.05
461934.65
461953.40
461958.65
461976.30
461994.05
462361.10
464761.20
467033.90
534826.05
539595.30
592130.45
592328.10
592427.65
592439.15
592443.10
592639.55
592650.70
592706.50
592709.05
592768.15
592811.65
592824.10
592829.05
592841.55
592855.80
592862.25
592866.60
592914.25
592921.95
592946.05
592951.85
592968.70
592983.25
592994.45
593036.05
593050.05
593053.55
593058.90
593064.75
593092.40
593144.75
593157.60
593167.30
593181.45
593192.45
593209.20
593221.75
593281.60
593286.95
593299.45
593319.10
593331.95
593368.25
593413.70
593444.00
593457.95
593464.65
593536.25
593540.40
593561.00
593570.00
594702.60
594767.15
595605.10
595663.40
595717.40
595765.35
595769.95
595778.80
596413.40
