39371.30
39858.70
42354.85
42416.40
42426.85
42437.65
42526.65
42531.40
42536.60
42561.10
42572.95
42582.50
42655.85
42661.10
42722.55
42735.65
42817.95
42915.15
43545.70
44378.65
44399.60
44412.00
64699.85
113901.65
114028.35
115203.35
115326.15
115329.75
115396.90
115429.40
115452.85
115502.90
115575.50
115579.00
116424.90
119667.90
119700.65
158473.70
158745.25
229280.25
229379.60
229395.70
229462.95
229465.65
229469.30
229543.40
229663.90
229733.00
229837.15
229896.60
229909.30
230055.95
230524.40
230621.60
231086.35
231093.45
231108.55
231188.50
231314.45
231343.65
231347.05
252364.20
252392.10
254155.55
257862.85
257887.10
257892.75
257901.45
257987.35
258329.05
258366.15
288407.90
288817.70
289350.20
289360.25
289364.70
289375.75
291450.15
291462.95
310627.35
310640.90
310674.85
310682.50
310733.10
310792.10
310794.85
310800.10
310808.90
311474.40
311615.30
311620.90
311693.05
311734.95
311804.75
312024.85
312075.40
312282.70
312351.05
312461.05
312518.85
312636.15
312676.45
312715.20
312740.85
312914.50
312923.65
313013.50
313363.50
313371.50
313635.30
313655.00
313673.35
313676.85
313848.25
313852.15
314195.55
314214.35
314308.45
314652.20
314836.45
315343.45
315999.15
316159.85
317030.40
317983.80
317987.60
318077.70
318091.45
318203.20
318360.40
340701.80
363569.10
363704.20
364959.35
366563.90
366621.60
366690.35
366803.00
366821.80
366934.50
366937.85
396280.90
430327.20
431585.90
476661.20
477205.60
477355.70
477449.60
477549.00
477555.45
477558.65
477576.85
477586.50
477605.95
477634.65
477670.85
477704.95
477749.15
477771.95
477963.10
478009.05
478079.95
478545.70
480231.15
480400.90
480623.10
480627.65
480689.50
480731.05
480734.45
480755.20
480762.55
480885.60
480920.55
480947.20
480970.55
481010.60
481043.45
481065.80
481172.45
481181.95
481304.85
481335.55
481433.45
481571.00
506598.70
506602.70
506625.60
506667.30
506726.20
506749.40
507249.95
507344.15
507350.55
507854.85
507950.55
539702.20
539709.45
611090.80
611096.75
611103.85
