13531.40
13636.30
13683.55
13724.70
13739.80
13770.50
13834.75
13876.15
13917.10
14103.85
14107.35
14132.55
14526.80
14531.30
14551.70
14658.55
30707.70
30713.85
30723.30
31184.30
31468.30
33948.60
33975.85
75863.40
76170.90
77263.00
77334.30
77481.40
77486.70
78489.90
78495.00
78505.20
78527.95
78534.60
78623.90
78664.50
78668.55
78730.55
78748.15
78786.95
78792.70
78860.50
78918.25
78921.80
79040.90
79064.70
79171.40
79186.20
79201.15
79306.25
79401.15
79421.35
79514.10
79519.45
79618.55
80050.20
80065.00
80161.10
80250.40
80282.05
80399.45
80429.05
80432.40
80541.60
80664.45
80769.95
80774.60
80865.00
80899.20
81223.15
81226.55
81457.65
81745.40
83881.65
88643.90
88662.40
88705.60
88793.70
88801.65
88888.20
88892.95
88909.25
88999.25
89009.20
89115.95
89660.30
89666.65
89757.65
89764.10
89854.75
89910.50
90174.20
90288.50
90295.60
90300.35
90800.55
90916.60
90920.65
90924.75
91357.10
91760.45
92690.60
92699.00
93101.65
93105.70
93366.75
94791.95
127172.80
132304.15
132395.30
132419.80
132554.25
132675.70
132682.65
132688.15
132708.05
132763.30
132781.10
132807.50
132835.95
132908.20
132974.60
132977.75
132994.35
133010.90
133046.20
133116.30
133153.30
133172.40
133222.45
133244.55
133257.65
133267.85
133288.25
133379.75
133396.35
133407.30
133418.05
133442.00
133459.10
133577.65
133585.95
133633.45
133758.90
133780.90
133796.00
133855.70
133889.95
133910.70
133948.15
133969.85
134061.20
134075.50
134186.00
134197.30
135075.55
135128.90
135160.55
135174.70
135279.90
135387.90
135395.30
135511.25
135516.65
182660.70
182689.40
207311.45
207759.50
207762.80
207770.70
207854.05
208446.85
208533.55
208537.05
208604.15
208733.60
208837.65
208948.30
208972.45
209057.45
209067.60
209164.60
209170.05
209178.40
209193.15
209210.85
209226.15
209296.00
209300.75
209356.50
209438.25
209520.60
209572.00
209576.05
209583.65
209591.70
209687.50
209699.45
209992.05
210014.30
210019.65
210025.80
210109.20
210127.75
210134.05
210225.45
210255.20
210338.45
210352.35
213218.40
213274.60
299467.95
299691.90
299936.15
300007.25
300015.85
300019.05
300121.30
300243.70
300275.30
300390.25
300407.20
300592.30
300596.25
300627.70
300732.30
300911.30
300921.10
300956.15
300994.90
301040.15
301107.95
301137.55
301295.10
301393.65
301538.65
301759.55
301774.65
331656.40
331662.55
331687.70
331703.15
331708.00
331718.80
331766.20
331785.40
331801.45
331806.25
331831.45
331907.85
331931.55
332006.10
332046.05
332048.90
332143.65
332260.25
332272.20
332377.75
332404.45
332637.85
332697.10
332750.00
332774.75
332879.50
332998.60
333781.30
333813.60
334123.70
334232.85
334339.30
334375.30
334458.45
334473.70
334486.40
334490.10
334591.55
334606.85
372528.80
375631.40
539567.00
598835.90
599839.00
599902.35
599922.10
600038.20
600274.10
600280.85
