4207.80
5546.25
7893.30
34365.85
34455.45
34653.35
34910.60
35502.60
35773.15
35864.75
35906.60
35929.25
36094.50
36145.05
36165.95
36338.50
37052.65
65318.45
65601.75
65932.40
66872.55
67522.45
67629.10
67694.05
67852.80
71595.65
91026.60
91032.55
92053.65
92561.30
92689.70
93229.80
94486.05
100505.10
100978.05
101714.65
102025.85
102140.80
102498.15
102771.10
103061.45
103639.25
104410.10
104512.75
106733.25
111211.55
114328.55
125185.20
125192.15
125213.55
125781.60
126115.15
135483.55
135706.90
135817.95
135822.70
136069.55
136355.90
136616.65
136669.05
136691.25
136723.80
136761.05
136768.65
136801.40
137111.10
137435.10
137623.45
137640.55
137729.60
137736.85
137785.80
139939.50
139978.70
147255.50
148526.45
161933.05
165972.85
166370.70
166848.10
167485.70
168700.50
168792.10
169490.50
170872.90
170879.25
172490.60
172861.20
172866.80
173194.30
173837.85
173847.75
174591.85
174856.10
174886.45
175706.30
176350.90
176507.85
176538.30
176567.65
177057.65
177153.20
177871.85
177877.55
184244.10
185434.35
185575.95
185697.50
185714.70
185761.50
185906.50
185945.60
186096.30
186244.90
186674.25
186679.70
186817.85
186885.85
186890.35
186927.05
187027.15
187040.95
205968.65
211047.15
211279.85
217074.20
224907.20
240717.60
254569.85
254697.65
263748.75
268790.20
268945.75
269059.90
269142.95
272331.80
276460.05
276960.50
324023.15
324038.40
324421.40
324428.80
324446.75
330546.25
331689.00
342803.50
346379.35
347644.30
347662.80
348025.00
348753.10
349122.35
349227.05
367150.35
368040.90
369431.95
369682.65
369698.65
371027.05
371049.45
376166.80
377686.05
378015.70
378023.80
378496.65
391918.65
400177.95
400184.70
402711.20
426673.45
428607.40
428654.75
428835.50
429095.65
429279.30
429632.45
429876.95
430425.85
430956.20
435426.15
461401.60
461498.70
461726.95
461752.40
461803.75
461875.60
462112.25
493418.90
498762.80
498784.35
513350.70
514524.50
515206.75
515669.45
515782.70
515788.75
515984.05
516097.10
517670.35
518029.00
518389.05
519473.60
519478.90
520210.70
520871.35
520988.20
521011.30
521232.10
522030.85
522299.05
522415.75
522476.40
522493.80
523031.80
524970.85
525003.55
525617.25
529451.05
529696.05
534888.95
534944.40
534958.35
540083.15
541052.45
547451.50
551492.55
552242.40
552479.35
552656.20
552795.10
556244.45
558476.95
559238.30
560703.35
561774.15
562809.25
562942.40
578680.65
581653.60
581659.30
586819.85
591386.05
591829.15
592877.05
593906.15
593966.20
594039.35
594072.70
594312.40
594321.85
594410.80
594425.85
594429.65
594482.05
594567.30
594753.00
594828.95
595016.40
595553.90
595784.00
595858.20
596020.05
596305.15
596426.90
597493.10
