303.50
4950.25
5557.15
13086.35
14946.85
16513.60
16519.05
19192.15
25589.55
36822.50
38100.55
52665.25
55243.65
56240.45
56252.10
71235.15
80913.15
80938.75
80941.90
80963.00
97207.90
98618.95
113375.35
126930.05
127056.00
127316.75
127407.00
127701.85
127717.85
127821.50
127912.85
127993.60
128090.70
128263.35
128386.15
128617.75
128848.70
128994.75
129102.80
129106.35
129127.65
129257.80
140216.25
140390.60
141885.45
150580.90
150674.70
157165.35
159849.80
160765.15
162171.20
162263.60
168198.65
171195.70
203636.90
211290.75
216356.20
231065.05
237791.90
239586.35
239683.25
240146.30
240655.30
254842.00
254853.45
259218.90
259229.25
265818.35
265850.75
268974.55
277904.05
283527.70
292657.85
293678.85
303319.30
317241.55
318495.20
321253.50
321481.15
332935.35
337365.10
340250.30
342907.35
344824.35
344913.75
345218.20
345228.00
345429.35
345462.00
345545.35
345674.35
345700.20
345874.15
346087.05
346197.45
346302.40
346350.40
346607.40
346893.20
346922.55
347015.45
347045.35
347190.15
347623.15
347745.50
364485.20
364590.50
366962.75
399070.80
406324.15
406329.50
406357.10
406362.75
406452.25
406457.45
406469.80
406499.05
406560.35
406974.60
406996.90
407364.90
407718.95
445565.70
455654.10
457547.35
459499.70
460601.00
461962.55
471035.25
479340.30
505054.70
506027.00
506068.05
513834.20
514819.60
532715.85
534250.55
539722.80
539736.60
539742.20
543463.25
551384.45
570852.80
571951.50
572229.15
581351.70
586633.45
589772.85
589861.15
590137.95
590239.05
593071.40
593173.85
604550.95
607150.25
609446.80
609477.95
