34330.35
42468.70
42477.80
42876.10
42886.95
43212.60
43222.55
43427.95
43664.55
43729.25
43733.00
43788.45
44120.65
44471.30
44475.25
48076.60
66843.80
67879.25
115771.70
116026.70
116033.55
116959.90
116982.40
117007.80
117109.10
117315.95
118763.35
118942.75
119386.00
119495.45
122026.10
122249.50
122256.20
122365.95
122490.10
122500.75
122975.25
123048.25
123074.80
123087.10
123187.20
123337.60
128644.60
134329.80
135076.50
152009.40
155228.20
169553.30
180944.65
181172.90
191482.40
191823.40
218598.10
229344.00
251426.35
251702.55
251838.00
251883.30
251975.70
252344.35
252367.90
252488.10
252535.70
252561.05
252669.90
252798.20
252825.80
252891.70
252934.35
253693.55
253787.65
253805.80
253817.25
253882.80
253915.60
254079.75
254242.45
254366.75
254432.05
254485.25
254495.55
254502.35
254546.15
254615.40
254646.45
254650.70
254680.85
254908.00
254956.70
255038.00
255060.80
255103.20
255243.45
255256.80
255385.55
255415.20
255559.20
255587.40
255606.35
255751.90
255882.40
255887.75
256014.90
256132.75
256166.95
256170.55
256378.95
256394.40
262750.65
272318.80
324418.25
328576.50
335323.05
358437.15
358650.70
358660.00
358685.25
358689.50
358698.65
358796.40
358817.35
358865.90
359197.45
359474.60
359556.30
359626.65
359704.55
359720.05
359814.15
359820.60
359825.15
360429.85
360448.85
360520.00
360531.30
360541.55
360558.05
360564.60
360612.00
360679.55
360702.40
361024.40
361029.80
361042.00
361087.40
361098.40
361118.95
361136.50
361145.70
361202.95
361236.75
361288.20
361291.80
361310.70
361344.00
361359.65
361375.80
361398.20
361415.35
361464.95
361543.55
361657.25
361731.85
361886.35
363598.20
363776.70
363785.00
364084.10
364436.60
364475.20
364552.10
364909.60
364984.45
365133.80
365159.75
365269.60
365282.05
365294.05
365349.55
365353.95
365469.85
365594.45
365603.60
365623.80
365855.05
366003.95
366024.40
366034.05
366049.95
366136.55
366149.05
366338.10
366362.35
366372.25
366451.40
366484.30
366502.70
366588.35
366637.35
366645.45
366657.55
382248.60
386584.50
386600.50
387352.70
387395.85
387509.55
387684.15
387972.35
388696.35
389615.60
389622.50
389810.15
389813.15
389881.30
389903.70
389992.00
391340.30
392475.65
392499.45
392516.60
392533.20
392591.00
392822.50
392846.00
407006.10
407239.40
407329.80
407375.15
407527.35
407542.15
407548.00
407554.60
407707.60
407858.75
411261.25
411325.75
413001.85
413047.40
436740.50
438463.70
459864.05
461271.35
477880.65
480166.40
481749.00
481791.90
481984.40
482005.35
484863.90
485117.55
486274.85
486805.95
487207.55
487404.15
487419.30
487428.20
487654.15
487739.85
487781.15
488056.55
488061.65
488316.45
488336.95
488344.65
488360.10
488364.55
488506.95
488644.30
488789.90
488929.50
489029.55
489173.00
489179.25
489362.05
489435.90
489440.50
489445.50
489608.65
489710.10
498732.65
507979.85
508013.80
523194.35
525736.55
526989.05
527107.20
548001.50
551050.95
552932.10
580406.80
596208.25
601461.10
603366.95
603786.55
608473.65
609422.95
